Author: Mike Volchko & Oliver Wilson
Date: 09/10/2022

total layers: 3 neurons: 8
layer  from    to         wt
    0     0     0     0.2079
    0     0     1     0.9475
    0     1     0     0.1404
    0     1     1    -0.4682
    0     2     0    -0.8066
    0     2     1    -0.7070
    0     3     0     0.3741 BIAS
    0     3     1    -0.7333 BIAS
    1     0     0     0.8450
    1     1     0     0.0740
    1     2     0    -0.7902 BIAS
   epoch  error
       1 0.2708
      83 0.0098
--- CONVERGED!
Network training results:
   #      x1      x2      x3      t1      y1
   1  0.0000  0.0000  0.0000  1.0000  0.8798
   2  0.0000  0.0000  1.0000  1.0000  0.9994
   3  0.0000  1.0000  0.0000  0.0000  0.1591
   4  0.0000  1.0000  1.0000  1.0000  0.9989
   5  1.0000  0.0000  0.0000  0.0000  0.0000
   6  1.0000  0.0000  1.0000  0.0000  0.1193
   7  1.0000  1.0000  0.0000  0.0000  0.0009
   8  1.0000  1.0000  1.0000  1.0000  0.8751
total layers: 3 neurons: 8
layer  from    to         wt
    0     0     0    -8.5628
    0     0     1     2.1999
    0     1     0     8.1086
    0     1     1     1.5090
    0     2     0     1.8772
    0     2     1    -3.4069
    0     3     0     1.6921 BIAS
    0     3     1    -0.6920 BIAS
    1     0     0     8.0729
    1     1     0   -13.6385
    1     2     0    -0.2775 BIAS