Author: Mike Volchko & Oliver Wilson
Date: 09/23/2022

---------------------------------------------------------------------------------
Training Inputs
   SL:   4.3  -  7.9
   SW:   2.0  -  4.4
   PL:   1.0  -  6.9
   PW:   0.1  -  2.5
---------------------------------------------------------------------------------
    #        SL                 SW                 PL                 PW
---------------------------------------------------------------------------------
    1        4.7   -0.78        1.3    0.00        1.6   -0.80        0.2   -0.92
    2        6.1   -0.00        3.0   -0.17        4.9    0.32        1.8    0.42
    3        5.0   -0.61        3.0   -0.17        1.6   -0.80        0.2   -0.92
    4        6.8    0.39        2.8   -0.33        4.8    0.29        1.4    0.08
    5        6.9    0.44        1.2   -0.08        4.9    0.32        1.5    0.17
    6        5.9   -0.11        3.0   -0.17        5.1    0.39        1.8    0.42
    7        5.1   -0.56        3.3    0.08        1.7   -0.76        0.5   -0.67
    8        3.0   -0.17        4.0    0.67        1.2   -0.93        0.2   -0.92
    9        1.5    0.17        2.8   -0.33        5.6    0.56        2.2    0.75
   10        1.5    0.17        2.7   -0.42        5.3    0.46        1.9    0.50
   11        4.9   -0.67        3.0   -0.17        1.4   -0.86        0.2   -0.92
   12        5.5   -0.33        2.5   -0.58        4.0    0.02        1.3    0.00
   13        5.6   -0.28        2.7   -0.42        4.2    0.08        1.3    0.00
   14        5.2   -0.50        3.4    0.17        1.4   -0.86        0.2   -0.92
   15        5.0   -0.61        3.3    0.08        1.4   -0.86        0.2   -0.92
   16        7.7    0.89        2.6   -0.50        2.5    1.00        2.3    0.83
   17        6.1   -0.00        2.9   -0.25        4.7    0.25        1.4    0.08
   18        5.4   -0.39        3.4    0.17        1.5   -0.83        0.4   -0.75
   19        3.0   -0.17        2.7   -0.42        5.1    0.39        1.9    0.50
   20        6.5    0.22        1.3    0.00        5.1    0.39        2.0    0.58
   21        6.3    0.11        2.9   -0.25        5.6    0.56        1.8    0.42
   22        5.1   -0.56        3.8    0.50        1.9   -0.69        0.4   -0.75
   23        6.3    0.11        2.5   -0.58        4.9    0.32        1.5    0.17
   24        5.6   -0.28        3.0   -0.17        4.5    0.19        1.5    0.17
   25        6.5    0.22        3.0   -0.17        5.5    0.53        1.8    0.42
   26        3.0   -0.17        2.7   -0.42        4.1    0.05        1.0   -0.25
   27        4.4   -0.94        2.9   -0.25        1.4   -0.86        0.2   -0.92
   28        1.5    0.17        1.2   -0.08        5.5    0.53        1.8    0.42
   29        5.0   -0.61        3.4    0.17        1.5   -0.83        0.2   -0.92
   30        4.4   -0.94        1.3    0.00        1.3   -0.90        0.2   -0.92
   31        5.0   -0.61        0.1   -1.00        3.5   -0.15        1.0   -0.25
   32        6.3    0.11        2.8   -0.33        5.1    0.39        1.5    0.17
   33        6.3    0.11        3.3    0.08        6.0    0.69        2.5    1.00
   34        5.5   -0.33        2.3   -0.75        4.0    0.02        1.3    0.00
   35        4.8   -0.72        3.0   -0.17        1.4   -0.86        0.3   -0.83
   36        4.9   -0.67        1.2   -0.08        1.5   -0.83        0.1   -1.00
   37        6.1   -0.00        3.0   -0.17        4.6    0.22        1.4    0.08
   38        6.0   -0.06        2.9   -0.25        4.5    0.19        1.5    0.17
   39        5.0   -0.61        3.5    0.25        1.3   -0.90        0.3   -0.83
   40        1.7    0.33        1.2   -0.08        4.7    0.25        1.5    0.17
   41        4.9   -0.67        1.2   -0.08        1.5   -0.83        0.1   -1.00
   42        5.4   -0.39        3.4    0.17        1.7   -0.76        0.2   -0.92
   43        5.6   -0.28        2.9   -0.25        3.6   -0.12        1.3    0.00
   44        5.1   -0.56        3.5    0.25        1.4   -0.86        0.3   -0.83
   45        4.6   -0.83        1.3    0.00        1.4   -0.86        0.2   -0.92
   46        1.7    0.33        2.5   -0.58        5.8    0.63        1.8    0.42
   47        5.0   -0.61        1.7    0.33        1.4   -0.86        0.2   -0.92
   48        5.7   -0.22        2.5    1.00        1.5   -0.83        0.4   -0.75
   49        5.2   -0.50        3.5    0.25        1.5   -0.83        0.2   -0.92
   50        7.7    0.89        2.8   -0.33        6.7    0.93        2.0    0.58
   51        5.7   -0.22        2.6   -0.50        3.5   -0.15        1.0   -0.25
   52        1.5    0.17        1.3    0.00        4.5    0.19        1.5    0.17
   53        6.9    0.44        1.2   -0.08        5.1    0.39        2.3    0.83
   54        6.2    0.06        2.2   -0.83        4.5    0.19        1.5    0.17
   55        6.2    0.06        2.9   -0.25        4.3    0.12        1.3    0.00
   56        4.0    0.67        2.9   -0.25        6.3    0.80        1.8    0.42
   57        4.9   -0.67        2.5   -0.58        4.5    0.19        1.7    0.33
   58        5.5   -0.33        2.3    0.83        1.4   -0.86        0.2   -0.92
   59        6.5    0.22        2.8   -0.33        4.6    0.22        1.5    0.17
   60        7.6    0.83        3.0   -0.17        6.6    0.90        2.1    0.67
   61        6.3    0.11        2.7   -0.42        4.9    0.32        1.8    0.42
   62        6.6    0.28        2.9   -0.25        4.6    0.22        1.3    0.00
   63        5.1   -0.56        3.8    0.50        1.5   -0.83        0.3   -0.83
   64        3.0   -0.17        2.7   -0.42        5.1    0.39        1.9    0.50
   65        5.9   -0.11        1.3    0.00        4.8    0.29        1.8    0.42
   66        4.8   -0.72        3.4    0.17        1.6   -0.80        0.2   -0.92
   67        6.3    0.11        2.5   -0.58        5.0    0.36        1.9    0.50
   68        5.4   -0.39        3.7    0.42        1.5   -0.83        0.2   -0.92
   69        6.0   -0.06        2.7   -0.42        5.1    0.39        1.6    0.25
   70        6.2    0.06        3.4    0.17        5.4    0.49        2.3    0.83
   71        0.1   -1.00        3.0   -0.17        1.1   -0.97        0.1   -1.00
   72        4.6   -0.83        1.7    0.33        0.1   -1.00        0.2   -0.92
   73        5.1   -0.56        3.7    0.42        1.5   -0.83        0.4   -0.75
   74        6.3    0.11        3.4    0.17        5.6    0.56        2.4    0.92
   75        7.0    0.50        1.3    0.00        4.7    0.25        1.4    0.08
   76        5.1   -0.56        3.8    0.50        1.6   -0.80        0.2   -0.92
   77        3.0   -0.17        2.6   -0.50        4.0    0.02        1.2   -0.08
   78        5.5   -0.33        2.4   -0.67        3.8   -0.05        1.1   -0.17
   79        6.8    0.39        1.3    0.00        5.9    0.66        2.3    0.83
   80        5.2   -0.50        2.7   -0.42        3.9   -0.02        1.4    0.08
   81        5.6   -0.28        3.0   -0.17        4.1    0.05        1.3    0.00
   82        6.1   -0.00        2.8   -0.33        4.7    0.25        1.2   -0.08
   83        6.0   -0.06        2.2   -0.83        4.0    0.02        1.0   -0.25
   84        1.5    0.17        2.9   -0.25        4.3    0.12        1.3    0.00
   85        7.7    0.89        3.8    0.50        6.7    0.93        2.2    0.75
   86        7.4    0.72        2.8   -0.33        6.1    0.73        1.9    0.50
   87        5.0   -0.61        3.4    0.17        1.6   -0.80        0.4   -0.75
   88        5.6   -0.28        2.8   -0.33        4.9    0.32        2.0    0.58
   89        5.7   -0.22        2.8   -0.33        4.1    0.05        1.3    0.00
   90        5.5   -0.33        3.5    0.25        1.3   -0.90        0.2   -0.92
   91        4.5   -0.89        2.3   -0.75        1.3   -0.90        0.3   -0.83
   92        6.9    0.44        1.3    0.00        5.7    0.59        2.3    0.83
   93        1.5    0.17        1.3    0.00        5.3    0.46        2.3    0.83
   94        5.0   -0.61        1.3    0.00        1.2   -0.93        0.2   -0.92
   95        5.4   -0.39        3.9    0.58        1.7   -0.76        0.4   -0.75
   96        5.1   -0.56        2.5   -0.58        3.0   -0.32        1.1   -0.17
   97        5.2   -0.50        4.1    0.75        1.5   -0.83        0.1   -1.00
   98        7.2    0.61        1.7    0.33        6.1    0.73        2.5    1.00
   99        4.6   -0.83        1.2   -0.08        1.5   -0.83        0.2   -0.92
  100        5.5   -0.33        2.6   -0.50        4.4    0.15        1.2   -0.08
  101        3.0   -0.17        2.7   -0.42        3.9   -0.02        1.2   -0.08
  102        4.4   -0.94        3.0   -0.17        1.3   -0.90        0.2   -0.92
  103        7.1    0.56        3.0   -0.17        5.9    0.66        2.1    0.67
  104        1.5    0.17        2.8   -0.33        5.6    0.56        2.1    0.67
  105        6.0   -0.06        2.2   -0.83        5.0    0.36        1.5    0.17
  106        5.7   -0.22        2.5   -0.58        5.0    0.36        2.0    0.58
  107        4.9   -0.67        1.2   -0.08        1.5   -0.83        0.1   -1.00
  108        6.5    0.22        3.0   -0.17        5.8    0.63        2.2    0.75
  109        4.8   -0.72        1.2   -0.08        1.6   -0.80        0.2   -0.92
  110        1.7    0.33        1.2   -0.08        5.6    0.56        2.4    0.92
  111        6.5    0.22        3.0   -0.17        5.2    0.42        2.0    0.58
  112        4.7   -0.78        1.3    0.00        1.3   -0.90        0.2   -0.92
  113        7.7    0.89        3.0   -0.17        6.1    0.73        2.3    0.83
  114        5.1   -0.56        3.4    0.17        1.5   -0.83        0.2   -0.92
  115        7.2    0.61        1.3    0.00        6.0    0.69        1.8    0.42
  116        5.6   -0.28        2.5   -0.58        3.9   -0.02        1.1   -0.17
  117        4.6   -0.83        3.4    0.17        1.4   -0.86        0.3   -0.83
  118        5.7   -0.22        2.9   -0.25        4.2    0.08        1.3    0.00
  119        1.7    0.33        3.3    0.08        5.7    0.59        2.5    1.00
  120        5.7   -0.22        3.8    0.50        1.7   -0.76        0.3   -0.83