Author: Mike Volchko & Oliver Wilson
Date: 10/09/2022

---------------------------------------------------------------------------------
Training Inputs
   SL:   4.3  -  7.9
   SW:   2.0  -  4.4
   PL:   1.0  -  6.9
   PW:   0.1  -  2.5
---------------------------------------------------------------------------------
    #        SL                 SW                 PL                 PW
---------------------------------------------------------------------------------
    1        6.3    0.11        2.8   -0.33        5.1    0.39        1.5    0.17
    2        6.3    0.11        3.3    0.08        4.7    0.25        1.6    0.25
    3        7.7    0.89        3.8    0.50        6.7    0.93        2.2    0.75
    4        1.5    0.17        1.3    0.00        4.5    0.19        1.5    0.17
    5        5.0   -0.61        3.0   -0.17        1.6   -0.80        0.2   -0.92
    6        5.6   -0.28        2.5   -0.58        3.9   -0.02        1.1   -0.17
    7        3.0   -0.17        2.6   -0.50        4.0    0.02        1.2   -0.08
    8        0.1   -1.00        3.0   -0.17        1.1   -0.97        0.1   -1.00
    9        5.0   -0.61        2.3   -0.75        3.3   -0.22        1.0   -0.25
   10        7.2    0.61        3.0   -0.17        5.8    0.63        1.6    0.25
   11        3.0   -0.17        2.7   -0.42        3.9   -0.02        1.2   -0.08
   12        5.3   -0.44        3.7    0.42        1.5   -0.83        0.2   -0.92
   13        6.3    0.11        2.3   -0.75        4.4    0.15        1.3    0.00
   14        6.2    0.06        2.2   -0.83        4.5    0.19        1.5    0.17
   15        5.4   -0.39        3.9    0.58        1.3   -0.90        0.4   -0.75
   16        5.7   -0.22        2.8   -0.33        4.1    0.05        1.3    0.00
   17        5.5   -0.33        2.5   -0.58        4.0    0.02        1.3    0.00
   18        1.7    0.33        3.3    0.08        5.7    0.59        2.5    1.00
   19        5.5   -0.33        2.3    0.83        1.4   -0.86        0.2   -0.92
   20        6.3    0.11        2.7   -0.42        4.9    0.32        1.8    0.42
   21        6.5    0.22        1.3    0.00        5.1    0.39        2.0    0.58
   22        6.9    0.44        1.3    0.00        5.7    0.59        2.3    0.83
   23        5.1   -0.56        3.5    0.25        1.4   -0.86        0.2   -0.92
   24        4.0    0.67        2.9   -0.25        6.3    0.80        1.8    0.42
   25        7.4    0.72        2.8   -0.33        6.1    0.73        1.9    0.50
   26        5.4   -0.39        3.9    0.58        1.7   -0.76        0.4   -0.75
   27        6.9    0.44        1.2   -0.08        4.9    0.32        1.5    0.17
   28        5.6   -0.28        2.9   -0.25        3.6   -0.12        1.3    0.00
   29        3.0   -0.17        2.7   -0.42        5.1    0.39        1.9    0.50
   30        4.8   -0.72        1.2   -0.08        1.6   -0.80        0.2   -0.92
   31        4.4   -0.94        2.9   -0.25        1.4   -0.86        0.2   -0.92
   32        6.1   -0.00        3.0   -0.17        4.9    0.32        1.8    0.42
   33        6.0   -0.06        2.9   -0.25        4.5    0.19        1.5    0.17
   34        7.7    0.89        2.8   -0.33        6.7    0.93        2.0    0.58
   35        6.0   -0.06        3.0   -0.17        4.8    0.29        1.8    0.42
   36        1.5    0.17        2.7   -0.42        5.3    0.46        1.9    0.50
   37        6.6    0.28        2.9   -0.25        4.6    0.22        1.3    0.00
   38        7.0    0.50        1.3    0.00        4.7    0.25        1.4    0.08
   39        4.8   -0.72        3.4    0.17        1.6   -0.80        0.2   -0.92
   40        7.2    0.61        1.3    0.00        6.0    0.69        1.8    0.42
   41        5.2   -0.50        3.5    0.25        1.5   -0.83        0.2   -0.92
   42        6.8    0.39        1.3    0.00        5.9    0.66        2.3    0.83
   43        5.1   -0.56        3.4    0.17        1.5   -0.83        0.2   -0.92
   44        7.7    0.89        2.6   -0.50        2.5    1.00        2.3    0.83
   45        4.9   -0.67        1.2   -0.08        1.5   -0.83        0.1   -1.00
   46        6.5    0.22        2.8   -0.33        4.6    0.22        1.5    0.17
   47        7.6    0.83        3.0   -0.17        6.6    0.90        2.1    0.67
   48        5.1   -0.56        3.7    0.42        1.5   -0.83        0.4   -0.75
   49        3.0   -0.17        4.0    0.67        1.2   -0.93        0.2   -0.92
   50        5.2   -0.50        4.1    0.75        1.5   -0.83        0.1   -1.00
   51        5.1   -0.56        3.8    0.50        1.5   -0.83        0.3   -0.83
   52        4.8   -0.72        3.0   -0.17        1.4   -0.86        0.3   -0.83
   53        6.3    0.11        2.5   -0.58        5.0    0.36        1.9    0.50
   54        4.8   -0.72        3.0   -0.17        1.4   -0.86        0.1   -1.00
   55        4.7   -0.78        1.3    0.00        1.3   -0.90        0.2   -0.92
   56        5.5   -0.33        2.6   -0.50        4.4    0.15        1.2   -0.08
   57        6.1   -0.00        2.6   -0.50        5.6    0.56        1.4    0.08
   58        6.2    0.06        2.9   -0.25        4.3    0.12        1.3    0.00
   59        5.5   -0.33        2.4   -0.67        3.8   -0.05        1.1   -0.17
   60        6.2    0.06        2.8   -0.33        4.8    0.29        1.8    0.42
   61        5.4   -0.39        3.4    0.17        1.7   -0.76        0.2   -0.92
   62        1.7    0.33        1.2   -0.08        4.4    0.15        1.4    0.08
   63        5.6   -0.28        3.0   -0.17        4.5    0.19        1.5    0.17
   64        7.1    0.56        3.0   -0.17        5.9    0.66        2.1    0.67
   65        7.2    0.61        1.7    0.33        6.1    0.73        2.5    1.00
   66        4.7   -0.78        1.3    0.00        1.6   -0.80        0.2   -0.92
   67        6.1   -0.00        2.9   -0.25        4.7    0.25        1.4    0.08
   68        4.9   -0.67        1.2   -0.08        1.5   -0.83        0.1   -1.00
   69        1.7    0.33        3.3    0.08        5.7    0.59        2.1    0.67
   70        5.0   -0.61        3.5    0.25        1.3   -0.90        0.3   -0.83
   71        5.6   -0.28        3.0   -0.17        4.1    0.05        1.3    0.00
   72        5.7   -0.22        2.9   -0.25        4.2    0.08        1.3    0.00
   73        1.7    0.33        3.0   -0.17        5.0    0.36        1.7    0.33
   74        5.0   -0.61        1.3    0.00        1.2   -0.93        0.2   -0.92
   75        1.5    0.17        2.9   -0.25        4.3    0.12        1.3    0.00
   76        5.7   -0.22        2.6   -0.50        3.5   -0.15        1.0   -0.25
   77        5.5   -0.33        2.4   -0.67        3.7   -0.08        1.0   -0.25
   78        5.1   -0.56        3.8    0.50        1.6   -0.80        0.2   -0.92
   79        6.3    0.11        2.5   -0.58        4.9    0.32        1.5    0.17
   80        5.9   -0.11        1.3    0.00        4.8    0.29        1.8    0.42
   81        6.5    0.22        3.0   -0.17        5.5    0.53        1.8    0.42
   82        5.6   -0.28        2.7   -0.42        4.2    0.08        1.3    0.00
   83        5.1   -0.56        3.5    0.25        1.4   -0.86        0.3   -0.83
   84        4.9   -0.67        3.0   -0.17        1.4   -0.86        0.2   -0.92
   85        6.1   -0.00        2.8   -0.33        4.7    0.25        1.2   -0.08
   86        1.5    0.17        2.8   -0.33        5.6    0.56        2.1    0.67
   87        6.0   -0.06        2.7   -0.42        5.1    0.39        1.6    0.25
   88        4.9   -0.67        2.4   -0.67        3.3   -0.22        1.0   -0.25
   89        2.5    1.00        3.8    0.50        6.4    0.83        2.0    0.58
   90        6.9    0.44        1.2   -0.08        5.4    0.49        2.1    0.67
   91        5.7   -0.22        2.5    1.00        1.5   -0.83        0.4   -0.75
   92        6.3    0.11        3.4    0.17        5.6    0.56        2.4    0.92
   93        1.7    0.33        3.0   -0.17        5.2    0.42        2.3    0.83
   94        5.9   -0.11        3.0   -0.17        5.1    0.39        1.8    0.42
   95        5.5   -0.33        2.3   -0.75        4.0    0.02        1.3    0.00
   96        6.0   -0.06        3.4    0.17        4.5    0.19        1.6    0.25
   97        4.5   -0.89        2.3   -0.75        1.3   -0.90        0.3   -0.83
   98        1.5    0.17        2.8   -0.33        5.6    0.56        2.2    0.75
   99        6.1   -0.00        3.0   -0.17        4.6    0.22        1.4    0.08
  100        3.0   -0.17        2.7   -0.42        5.1    0.39        1.9    0.50
  101        7.7    0.89        3.0   -0.17        6.1    0.73        2.3    0.83
  102        5.0   -0.61        0.1   -1.00        3.5   -0.15        1.0   -0.25
  103        6.5    0.22        3.0   -0.17        5.2    0.42        2.0    0.58
  104        4.6   -0.83        1.7    0.33        0.1   -1.00        0.2   -0.92
  105        5.7   -0.22        2.8   -0.33        4.5    0.19        1.3    0.00
  106        4.8   -0.72        3.4    0.17        1.9   -0.69        0.2   -0.92
  107        6.2    0.06        3.4    0.17        5.4    0.49        2.3    0.83
  108        5.6   -0.28        2.8   -0.33        4.9    0.32        2.0    0.58
  109        4.6   -0.83        1.2   -0.08        1.5   -0.83        0.2   -0.92
  110        4.9   -0.67        1.2   -0.08        1.5   -0.83        0.1   -1.00
  111        5.0   -0.61        3.3    0.08        1.4   -0.86        0.2   -0.92
  112        5.2   -0.50        3.4    0.17        1.4   -0.86        0.2   -0.92
  113        5.4   -0.39        3.7    0.42        1.5   -0.83        0.2   -0.92
  114        1.7    0.33        1.2   -0.08        4.7    0.25        1.5    0.17
  115        4.4   -0.94        3.0   -0.17        1.3   -0.90        0.2   -0.92
  116        4.4   -0.94        1.3    0.00        1.3   -0.90        0.2   -0.92
  117        5.4   -0.39        3.0   -0.17        4.5    0.19        1.5    0.17
  118        6.1   -0.00        2.8   -0.33        4.0    0.02        1.3    0.00
  119        5.0   -0.61        3.5    0.25        1.6   -0.80        0.6   -0.58
  120        6.5    0.22        3.0   -0.17        5.8    0.63        2.2    0.75


Training Outputs
---------------------------------------------------------------------------------
    #         t1             t2                Decoding
---------------------------------------------------------------------------------
    1         0.8660        -0.5000            1 ->    virginica
    2         0.0000         1.0000            2 ->   versicolor
    3         0.8660        -0.5000            1 ->    virginica
    4         0.0000         1.0000            2 ->   versicolor
    5        -0.8660        -0.5000            0 ->       setosa
    6         0.0000         1.0000            2 ->   versicolor
    7         0.0000         1.0000            2 ->   versicolor
    8        -0.8660        -0.5000            0 ->       setosa
    9         0.0000         1.0000            2 ->   versicolor
   10         0.8660        -0.5000            1 ->    virginica
   11         0.0000         1.0000            2 ->   versicolor
   12        -0.8660        -0.5000            0 ->       setosa
   13         0.0000         1.0000            2 ->   versicolor
   14         0.0000         1.0000            2 ->   versicolor
   15        -0.8660        -0.5000            0 ->       setosa
   16         0.0000         1.0000            2 ->   versicolor
   17         0.0000         1.0000            2 ->   versicolor
   18         0.8660        -0.5000            1 ->    virginica
   19        -0.8660        -0.5000            0 ->       setosa
   20         0.8660        -0.5000            1 ->    virginica
   21         0.8660        -0.5000            1 ->    virginica
   22         0.8660        -0.5000            1 ->    virginica
   23        -0.8660        -0.5000            0 ->       setosa
   24         0.8660        -0.5000            1 ->    virginica
   25         0.8660        -0.5000            1 ->    virginica
   26        -0.8660        -0.5000            0 ->       setosa
   27         0.0000         1.0000            2 ->   versicolor
   28         0.0000         1.0000            2 ->   versicolor
   29         0.8660        -0.5000            1 ->    virginica
   30        -0.8660        -0.5000            0 ->       setosa
   31        -0.8660        -0.5000            0 ->       setosa
   32         0.8660        -0.5000            1 ->    virginica
   33         0.0000         1.0000            2 ->   versicolor
   34         0.8660        -0.5000            1 ->    virginica
   35         0.8660        -0.5000            1 ->    virginica
   36         0.8660        -0.5000            1 ->    virginica
   37         0.0000         1.0000            2 ->   versicolor
   38         0.0000         1.0000            2 ->   versicolor
   39        -0.8660        -0.5000            0 ->       setosa
   40         0.8660        -0.5000            1 ->    virginica
   41        -0.8660        -0.5000            0 ->       setosa
   42         0.8660        -0.5000            1 ->    virginica
   43        -0.8660        -0.5000            0 ->       setosa
   44         0.8660        -0.5000            1 ->    virginica
   45        -0.8660        -0.5000            0 ->       setosa
   46         0.0000         1.0000            2 ->   versicolor
   47         0.8660        -0.5000            1 ->    virginica
   48        -0.8660        -0.5000            0 ->       setosa
   49        -0.8660        -0.5000            0 ->       setosa
   50        -0.8660        -0.5000            0 ->       setosa
   51        -0.8660        -0.5000            0 ->       setosa
   52        -0.8660        -0.5000            0 ->       setosa
   53         0.8660        -0.5000            1 ->    virginica
   54        -0.8660        -0.5000            0 ->       setosa
   55        -0.8660        -0.5000            0 ->       setosa
   56         0.0000         1.0000            2 ->   versicolor
   57         0.8660        -0.5000            1 ->    virginica
   58         0.0000         1.0000            2 ->   versicolor
   59         0.0000         1.0000            2 ->   versicolor
   60         0.8660        -0.5000            1 ->    virginica
   61        -0.8660        -0.5000            0 ->       setosa
   62         0.0000         1.0000            2 ->   versicolor
   63         0.0000         1.0000            2 ->   versicolor
   64         0.8660        -0.5000            1 ->    virginica
   65         0.8660        -0.5000            1 ->    virginica
   66        -0.8660        -0.5000            0 ->       setosa
   67         0.0000         1.0000            2 ->   versicolor
   68        -0.8660        -0.5000            0 ->       setosa
   69         0.8660        -0.5000            1 ->    virginica
   70        -0.8660        -0.5000            0 ->       setosa
   71         0.0000         1.0000            2 ->   versicolor
   72         0.0000         1.0000            2 ->   versicolor
   73         0.0000         1.0000            2 ->   versicolor
   74        -0.8660        -0.5000            0 ->       setosa
   75         0.0000         1.0000            2 ->   versicolor
   76         0.0000         1.0000            2 ->   versicolor
   77         0.0000         1.0000            2 ->   versicolor
   78        -0.8660        -0.5000            0 ->       setosa
   79         0.0000         1.0000            2 ->   versicolor
   80         0.0000         1.0000            2 ->   versicolor
   81         0.8660        -0.5000            1 ->    virginica
   82         0.0000         1.0000            2 ->   versicolor
   83        -0.8660        -0.5000            0 ->       setosa
   84        -0.8660        -0.5000            0 ->       setosa
   85         0.0000         1.0000            2 ->   versicolor
   86         0.8660        -0.5000            1 ->    virginica
   87         0.0000         1.0000            2 ->   versicolor
   88         0.0000         1.0000            2 ->   versicolor
   89         0.8660        -0.5000            1 ->    virginica
   90         0.8660        -0.5000            1 ->    virginica
   91        -0.8660        -0.5000            0 ->       setosa
   92         0.8660        -0.5000            1 ->    virginica
   93         0.8660        -0.5000            1 ->    virginica
   94         0.8660        -0.5000            1 ->    virginica
   95         0.0000         1.0000            2 ->   versicolor
   96         0.0000         1.0000            2 ->   versicolor
   97        -0.8660        -0.5000            0 ->       setosa
   98         0.8660        -0.5000            1 ->    virginica
   99         0.0000         1.0000            2 ->   versicolor
  100         0.8660        -0.5000            1 ->    virginica
  101         0.8660        -0.5000            1 ->    virginica
  102         0.0000         1.0000            2 ->   versicolor
  103         0.8660        -0.5000            1 ->    virginica
  104        -0.8660        -0.5000            0 ->       setosa
  105         0.0000         1.0000            2 ->   versicolor
  106        -0.8660        -0.5000            0 ->       setosa
  107         0.8660        -0.5000            1 ->    virginica
  108         0.8660        -0.5000            1 ->    virginica
  109        -0.8660        -0.5000            0 ->       setosa
  110        -0.8660        -0.5000            0 ->       setosa
  111        -0.8660        -0.5000            0 ->       setosa
  112        -0.8660        -0.5000            0 ->       setosa
  113        -0.8660        -0.5000            0 ->       setosa
  114         0.0000         1.0000            2 ->   versicolor
  115        -0.8660        -0.5000            0 ->       setosa
  116        -0.8660        -0.5000            0 ->       setosa
  117         0.0000         1.0000            2 ->   versicolor
  118         0.0000         1.0000            2 ->   versicolor
  119        -0.8660        -0.5000            0 ->       setosa
  120         0.8660        -0.5000            1 ->    virginica
total layers: 3 neurons: 12
layer  from    to         wt
    0     0     0    -0.4370 
    0     0     1     0.7237 
    0     0     2     0.7546 
    0     0     3    -0.0467 
    0     1     0     0.4445 
    0     1     1     0.8545 
    0     1     2    -0.2639 
    0     1     3     0.3389 
    0     2     0     0.0013 
    0     2     1     0.8610 
    0     2     2    -0.8552 
    0     2     3    -0.8134 
    0     3     0     0.0046 
    0     3     1    -0.8881 
    0     3     2    -0.2340 
    0     3     3    -0.3980 
    0     4     0    -0.0398 BIAS
    0     4     1    -0.7074 BIAS
    0     4     2     0.2127 BIAS
    0     4     3    -0.8109 BIAS
    1     0     0     0.2597 
    1     0     1     0.8914 
    1     1     0     0.9319 
    1     1     1     0.8108 
    1     2     0     0.8724 
    1     2     1    -0.2013 
    1     3     0    -0.4122 
    1     3     1     0.2171 
    1     4     0    -0.2965 BIAS
    1     4     1     0.1781 BIAS
   epoch  error
       1 0.8725
     100 0.0307
     200 0.0275
     300 0.0261
     400 0.0256
     500 0.0254
     600 0.0251
     700 0.0250
     800 0.0248
     900 0.0246
    1000 0.0245
    1100 0.0244
    1200 0.0244
    1300 0.0243
    1400 0.0242
    1500 0.0241
    1600 0.0240
    1700 0.0240
    1800 0.0239
    1900 0.0238
    2000 0.0238
    2100 0.0237
    2200 0.0236
    2300 0.0236
    2400 0.0235
    2500 0.0235
    2600 0.0234
    2700 0.0234
    2800 0.0233
    2900 0.0233
    3000 0.0232
    3100 0.0232
    3200 0.0231
    3300 0.0231
    3400 0.0230
    3500 0.0229
    3600 0.0229
    3700 0.0228
    3800 0.0228
    3900 0.0227
    4000 0.0227
    4100 0.0226
    4200 0.0226
    4300 0.0225
    4400 0.0225
    4500 0.0224
    4600 0.0223
    4700 0.0222
    4800 0.0221
    4900 0.0221
    5000 0.0220
    5100 0.0219
    5200 0.0218
    5300 0.0217
    5400 0.0216
    5500 0.0214
    5600 0.0211
    5700 0.0209
    5800 0.0204
    5900 0.0201
    6000 0.0198
    6100 0.0197
    6200 0.0195
    6300 0.0192
    6400 0.0191
    6500 0.0189
    6600 0.0187
    6700 0.0185
    6800 0.0183
    6900 0.0181
    7000 0.0180
    7100 0.0178
    7200 0.0177
    7300 0.0176
    7400 0.0176
    7500 0.0175
    7600 0.0174
    7700 0.0173
    7800 0.0172
    7900 0.0171
    8000 0.0170
    8100 0.0169
    8200 0.0169
    8300 0.0168
    8400 0.0167
    8500 0.0166
    8600 0.0165
    8700 0.0165
    8800 0.0164
    8900 0.0164
    9000 0.0164
    9100 0.0163
    9200 0.0163
    9300 0.0162
    9400 0.0162
    9500 0.0162
    9600 0.0161
    9700 0.0161
    9800 0.0161
    9900 0.0160
   10000 0.0160
   10100 0.0160
   10200 0.0159
   10300 0.0159
   10400 0.0159
   10500 0.0158
   10600 0.0158
   10700 0.0158
   10800 0.0157
   10900 0.0157
   11000 0.0157
   11100 0.0157
   11200 0.0156
   11300 0.0156
   11400 0.0156
   11500 0.0156
   11600 0.0155
   11700 0.0155
   11800 0.0155
   11900 0.0155
   12000 0.0154
   12100 0.0154
   12200 0.0154
   12300 0.0154
   12400 0.0153
   12500 0.0153
   12600 0.0153
   12700 0.0153
   12800 0.0152
   12900 0.0152
   13000 0.0152
   13100 0.0152
   13200 0.0151
   13300 0.0151
   13400 0.0151
   13500 0.0151
   13600 0.0151
   13700 0.0150
   13800 0.0150
   13900 0.0150
   14000 0.0150
   14100 0.0150
   14200 0.0149
   14300 0.0149
   14400 0.0149
   14500 0.0149
   14600 0.0149
   14700 0.0148
   14800 0.0148
   14900 0.0148
   15000 0.0148
   15100 0.0148
   15200 0.0148
   15300 0.0147
   15400 0.0147
   15500 0.0147
   15600 0.0147
   15700 0.0147
   15800 0.0146
   15900 0.0146
   16000 0.0146
   16100 0.0146
   16200 0.0146
   16300 0.0146
   16400 0.0145
   16500 0.0145
   16600 0.0145
   16700 0.0145
   16800 0.0144
   16900 0.0144
   17000 0.0144
   17100 0.0144
   17200 0.0144
   17300 0.0144
   17400 0.0143
   17500 0.0143
   17600 0.0143
   17700 0.0143
   17800 0.0143
   17900 0.0143
   18000 0.0142
   18100 0.0142
   18200 0.0142
   18300 0.0142
   18400 0.0142
   18500 0.0142
   18600 0.0141
   18700 0.0141
   18800 0.0141
   18900 0.0141
   19000 0.0141
   19100 0.0141
   19200 0.0140
   19300 0.0140
   19400 0.0140
   19500 0.0140
   19600 0.0140
   19700 0.0140
   19800 0.0140
   19900 0.0139
   20000 0.0139
   20100 0.0139
   20200 0.0139
   20300 0.0139
   20400 0.0139
   20500 0.0138
   20600 0.0138
   20700 0.0138
   20800 0.0138
   20900 0.0138
   21000 0.0137
   21100 0.0137
   21200 0.0136
   21300 0.0136
   21400 0.0136
   21500 0.0136
   21600 0.0135
   21700 0.0135
   21800 0.0135
   21900 0.0135
   22000 0.0135
   22100 0.0134
   22200 0.0134
   22300 0.0134
   22400 0.0134
   22500 0.0133
   22600 0.0130
   22700 0.0127
   22800 0.0124
   22900 0.0122
   23000 0.0120
   23100 0.0118
   23200 0.0117
   23300 0.0116
   23400 0.0115
   23500 0.0114
   23600 0.0114
   23700 0.0113
   23800 0.0113
   23900 0.0112
   24000 0.0112
   24100 0.0111
   24200 0.0111
   24300 0.0111
   24400 0.0111
   24500 0.0110
   24600 0.0110
   24700 0.0110
   24800 0.0110
   24900 0.0109
   25000 0.0109
   25100 0.0109
   25200 0.0109
   25300 0.0109
   25400 0.0109
   25500 0.0109
   25600 0.0108
   25700 0.0108
   25800 0.0108
   25900 0.0108
   26000 0.0108
   26100 0.0108
   26200 0.0108
   26300 0.0108
   26400 0.0108
   26500 0.0108
   26600 0.0108
   26700 0.0107
   26800 0.0107
   26900 0.0107
   27000 0.0107
   27100 0.0107
   27200 0.0107
   27300 0.0107
   27400 0.0107
   27500 0.0107
   27600 0.0107
   27700 0.0107
   27800 0.0107
   27900 0.0107
   28000 0.0107
   28100 0.0106
   28200 0.0106
   28300 0.0106
   28400 0.0106
   28500 0.0106
   28600 0.0106
   28700 0.0106
   28800 0.0106
   28900 0.0106
   29000 0.0106
   29100 0.0106
   29200 0.0106
   29300 0.0106
   29400 0.0106
   29500 0.0106
   29600 0.0106
   29700 0.0106
   29800 0.0106
   29900 0.0106
   30000 0.0106
   30100 0.0105
   30200 0.0105
   30300 0.0105
   30400 0.0105
   30500 0.0105
   30600 0.0105
   30700 0.0105
   30800 0.0105
   30900 0.0105
   31000 0.0105
   31100 0.0105
   31200 0.0105
   31300 0.0105
   31400 0.0105
   31500 0.0105
   31600 0.0105
   31700 0.0105
   31800 0.0105
   31900 0.0105
   32000 0.0105
   32100 0.0105
   32200 0.0105
   32300 0.0105
   32400 0.0105
   32500 0.0105
   32600 0.0105
   32700 0.0105
   32800 0.0105
   32900 0.0105
   33000 0.0105
   33100 0.0105
   33200 0.0105
   33300 0.0105
   33400 0.0105
   33500 0.0105
   33600 0.0105
   33700 0.0105
   33800 0.0104
   33900 0.0104
   34000 0.0104
   34100 0.0104
   34200 0.0104
   34300 0.0104
   34400 0.0104
   34500 0.0104
   34600 0.0104
   34700 0.0104
   34800 0.0104
   34900 0.0104
   35000 0.0104
   35100 0.0104
   35200 0.0104
   35300 0.0104
   35400 0.0104
   35500 0.0104
   35600 0.0104
   35700 0.0104
   35800 0.0104
   35900 0.0104
   36000 0.0104
   36100 0.0104
   36200 0.0104
   36300 0.0104
   36400 0.0104
   36500 0.0104
   36600 0.0104
   36700 0.0104
   36800 0.0104
   36900 0.0104
   37000 0.0104
   37100 0.0104
   37200 0.0104
   37300 0.0104
   37400 0.0104
   37500 0.0104
   37600 0.0104
   37700 0.0104
   37800 0.0104
   37900 0.0104
   38000 0.0104
   38100 0.0104
   38200 0.0104
   38300 0.0104
   38400 0.0104
   38500 0.0104
   38600 0.0104
   38700 0.0104
   38800 0.0104
   38900 0.0104
   39000 0.0104
   39100 0.0104
   39200 0.0104
   39300 0.0103
   39400 0.0103
   39500 0.0103
   39600 0.0103
   39700 0.0103
   39800 0.0103
   39900 0.0103
   40000 0.0103
   40100 0.0103
   40200 0.0103
   40300 0.0103
   40400 0.0103
   40500 0.0103
   40600 0.0103
   40700 0.0103
   40800 0.0103
   40900 0.0103
   41000 0.0103
   41100 0.0103
   41200 0.0103
   41300 0.0103
   41400 0.0103
   41500 0.0103
   41600 0.0103
   41700 0.0103
   41800 0.0103
   41900 0.0103
   42000 0.0103
   42100 0.0103
   42200 0.0103
   42300 0.0103
   42400 0.0103
   42500 0.0103
   42600 0.0103
   42700 0.0103
   42800 0.0103
   42900 0.0103
   43000 0.0103
   43100 0.0103
   43200 0.0103
   43300 0.0103
   43400 0.0103
   43500 0.0103
   43600 0.0103
   43700 0.0103
   43800 0.0103
   43900 0.0103
   44000 0.0103
   44100 0.0103
   44200 0.0103
   44300 0.0103
   44400 0.0103
   44500 0.0103
   44600 0.0103
   44700 0.0103
   44800 0.0103
   44900 0.0103
   45000 0.0103
   45100 0.0103
   45200 0.0103
   45300 0.0103
   45400 0.0103
   45500 0.0103
   45600 0.0103
   45700 0.0103
   45800 0.0103
   45900 0.0103
   46000 0.0103
   46100 0.0103
   46200 0.0103
   46300 0.0103
   46400 0.0103
   46500 0.0103
   46600 0.0103
   46700 0.0103
   46800 0.0103
   46900 0.0102
   47000 0.0102
   47100 0.0102
   47200 0.0102
   47300 0.0102
   47400 0.0102
   47500 0.0102
   47600 0.0102
   47700 0.0102
   47800 0.0102
   47900 0.0102
   48000 0.0102
   48100 0.0102
   48200 0.0102
   48300 0.0102
   48400 0.0102
   48500 0.0102
   48600 0.0102
   48700 0.0102
   48800 0.0102
   48900 0.0102
   49000 0.0102
   49100 0.0102
   49200 0.0102
   49300 0.0102
   49400 0.0102
   49500 0.0102
   49600 0.0102
   49700 0.0102
   49800 0.0102
   49900 0.0102
   50000 0.0102
   50100 0.0102
   50200 0.0102
   50300 0.0102
   50400 0.0102
   50500 0.0102
   50600 0.0102
   50700 0.0102
   50800 0.0102
   50900 0.0102
   51000 0.0102
   51100 0.0102
   51200 0.0102
   51300 0.0102
   51400 0.0102
   51500 0.0102
   51600 0.0102
   51700 0.0102
   51800 0.0102
   51900 0.0102
   52000 0.0102
   52100 0.0102
   52200 0.0102
   52300 0.0102
   52400 0.0102
   52500 0.0102
   52600 0.0102
   52700 0.0102
   52800 0.0102
   52900 0.0102
   53000 0.0102
   53100 0.0102
   53200 0.0102
   53300 0.0102
   53400 0.0102
   53500 0.0102
   53600 0.0102
   53700 0.0102
   53800 0.0102
   53900 0.0102
   54000 0.0102
   54100 0.0102
   54200 0.0102
   54300 0.0102
   54400 0.0102
   54500 0.0102
   54600 0.0102
   54700 0.0102
   54800 0.0102
   54900 0.0102
   55000 0.0102
   55100 0.0102
   55200 0.0102
   55300 0.0102
   55400 0.0102
   55500 0.0102
   55600 0.0102
   55700 0.0102
   55800 0.0102
   55900 0.0102
   56000 0.0102
   56100 0.0102
   56200 0.0102
   56300 0.0102
   56400 0.0102
   56500 0.0102
   56600 0.0102
   56700 0.0102
   56800 0.0102
   56900 0.0102
   57000 0.0102
   57100 0.0102
   57200 0.0102
   57300 0.0102
   57400 0.0102
   57500 0.0102
   57600 0.0102
   57700 0.0102
   57800 0.0101
   57900 0.0101
   58000 0.0101
   58100 0.0101
   58200 0.0101
   58300 0.0101
   58400 0.0101
   58500 0.0101
   58600 0.0101
   58700 0.0101
   58800 0.0101
   58900 0.0101
   59000 0.0101
   59100 0.0101
   59200 0.0101
   59300 0.0101
   59400 0.0101
   59500 0.0101
   59600 0.0101
   59700 0.0101
   59800 0.0101
   59900 0.0101
   60000 0.0101
   60100 0.0101
   60200 0.0101
   60300 0.0101
   60400 0.0101
   60500 0.0101
   60600 0.0101
   60700 0.0101
   60800 0.0101
   60900 0.0101
   61000 0.0101
   61100 0.0101
   61200 0.0101
   61300 0.0101
   61400 0.0101
   61500 0.0101
   61600 0.0101
   61700 0.0101
   61800 0.0101
   61900 0.0101
   62000 0.0101
   62100 0.0101
   62200 0.0101
   62300 0.0101
   62400 0.0101
   62500 0.0101
   62600 0.0101
   62700 0.0101
   62800 0.0101
   62900 0.0101
   63000 0.0101
   63100 0.0101
   63200 0.0101
   63300 0.0101
   63400 0.0101
   63500 0.0101
   63600 0.0101
   63700 0.0101
   63800 0.0101
   63900 0.0101
   64000 0.0101
   64100 0.0101
   64200 0.0101
   64300 0.0101
   64400 0.0101
   64500 0.0101
   64600 0.0101
   64700 0.0101
   64800 0.0101
   64900 0.0101
   65000 0.0101
   65100 0.0101
   65200 0.0101
   65300 0.0101
   65400 0.0101
   65500 0.0101
   65600 0.0101
   65700 0.0101
   65800 0.0101
   65900 0.0101
   66000 0.0101
   66100 0.0101
   66200 0.0101
   66300 0.0101
   66400 0.0101
   66500 0.0101
   66600 0.0101
   66700 0.0101
   66800 0.0101
   66900 0.0101
   67000 0.0101
   67100 0.0101
   67200 0.0101
   67300 0.0101
   67400 0.0101
   67500 0.0101
   67600 0.0101
   67700 0.0101
   67800 0.0101
   67900 0.0101
   68000 0.0101
   68100 0.0101
   68200 0.0101
   68300 0.0101
   68400 0.0101
   68500 0.0101
   68600 0.0101
   68700 0.0101
   68800 0.0101
   68900 0.0101
   69000 0.0101
   69100 0.0101
   69200 0.0101
   69300 0.0101
   69400 0.0101
   69500 0.0101
   69600 0.0101
   69700 0.0101
   69800 0.0101
   69900 0.0101
   70000 0.0101
   70100 0.0101
   70200 0.0101
   70300 0.0101
   70400 0.0101
   70500 0.0101
   70600 0.0101
   70700 0.0101
   70800 0.0101
   70900 0.0101
   71000 0.0101
   71100 0.0101
   71200 0.0101
   71300 0.0101
   71400 0.0101
   71500 0.0101
   71600 0.0101
   71700 0.0101
   71800 0.0101
   71900 0.0101
   72000 0.0101
   72100 0.0101
   72200 0.0101
   72300 0.0101
   72400 0.0101
   72500 0.0101
   72600 0.0100
   72700 0.0100
   72800 0.0100
   72900 0.0100
   73000 0.0100
   73100 0.0100
   73200 0.0100
   73300 0.0100
   73400 0.0100
   73500 0.0100
   73600 0.0100
   73700 0.0100
   73800 0.0100
   73900 0.0100
   74000 0.0100
   74100 0.0100
   74200 0.0100
   74300 0.0100
   74400 0.0100
   74500 0.0100
   74600 0.0100
   74700 0.0100
   74800 0.0100
   74900 0.0100
   75000 0.0100
   75100 0.0100
   75200 0.0100
   75300 0.0100
   75400 0.0100
   75500 0.0100
   75600 0.0100
   75700 0.0100
   75800 0.0100
   75900 0.0100
   76000 0.0100
   76100 0.0100
   76200 0.0100
   76300 0.0100
   76400 0.0100
   76500 0.0100
   76600 0.0100
   76700 0.0100
   76800 0.0100
   76900 0.0100
   77000 0.0100
   77100 0.0100
   77200 0.0100
   77300 0.0100
   77400 0.0100
   77500 0.0100
   77600 0.0100
   77700 0.0100
   77800 0.0100
   77900 0.0100
   78000 0.0100
   78100 0.0100
   78200 0.0100
   78300 0.0100
   78400 0.0100
   78500 0.0100
   78600 0.0100
   78700 0.0100
   78800 0.0100
   78900 0.0100
   79000 0.0100
   79100 0.0100
   79200 0.0100
   79300 0.0100
   79400 0.0100
   79500 0.0100
   79600 0.0100
   79700 0.0100
   79800 0.0100
   79900 0.0100
   80000 0.0100
   80100 0.0100
   80200 0.0100
   80300 0.0100
   80400 0.0100
   80500 0.0100
   80600 0.0100
   80700 0.0100
   80800 0.0100
   80900 0.0100
   81000 0.0100
   81100 0.0100
   81200 0.0100
   81300 0.0100
   81400 0.0100
   81500 0.0100
   81600 0.0100
   81700 0.0100
   81800 0.0100
   81900 0.0100
   82000 0.0100
   82100 0.0100
   82200 0.0100
   82300 0.0100
   82400 0.0100
   82500 0.0100
   82541 0.0100
--- CONVERGED!
Network training results:
   #      x1      x2      x3      x4      t1      t2      y1      y2 
   1  0.1111 -0.3333  0.3898  0.1667  0.8660 -0.5000  0.7803  1.0000 
   2  0.1111  0.0833  0.2542  0.2500  0.0000  1.0000  0.0456  1.0000 
   3  0.8889  0.5000  0.9322  0.7500  0.8660 -0.5000  0.8655 -0.4964 
   4  0.1667  0.0000  0.1864  0.1667  0.0000  1.0000  0.0011  1.0000 
   5 -0.6111 -0.1667 -0.7966 -0.9167 -0.8660 -0.5000 -0.8660 -0.5000 
   6 -0.2778 -0.5833 -0.0169 -0.1667  0.0000  1.0000  0.0004  1.0000 
   7 -0.1667 -0.5000  0.0169 -0.0833  0.0000  1.0000  0.0004  1.0000 
   8 -1.0000 -0.1667 -0.9661 -1.0000 -0.8660 -0.5000 -0.8660 -0.5000 
   9 -0.6111 -0.7500 -0.2203 -0.2500  0.0000  1.0000  0.0004  1.0000 
  10  0.6111 -0.1667  0.6271  0.2500  0.8660 -0.5000  0.8638 -0.4976 
  11 -0.1667 -0.4167 -0.0169 -0.0833  0.0000  1.0000  0.0004  1.0000 
  12 -0.4444  0.4167 -0.8305 -0.9167 -0.8660 -0.5000 -0.8660 -0.5000 
  13  0.1111 -0.7500  0.1525  0.0000  0.0000  1.0000 -0.0001  1.0000 
  14  0.0556 -0.8333  0.1864  0.1667  0.0000  1.0000 -0.0694  1.0000 
  15 -0.3889  0.5833 -0.8983 -0.7500 -0.8660 -0.5000 -0.8660 -0.5000 
  16 -0.2222 -0.3333  0.0508  0.0000  0.0000  1.0000  0.0004  1.0000 
  17 -0.3333 -0.5833  0.0169  0.0000  0.0000  1.0000  0.0004  1.0000 
  18  0.3333  0.0833  0.5932  1.0000  0.8660 -0.5000  0.8655 -0.4964 
  19 -0.3333  0.8333 -0.8644 -0.9167 -0.8660 -0.5000 -0.8660 -0.5000 
  20  0.1111 -0.4167  0.3220  0.4167  0.8660 -0.5000  0.7991 -0.5783 
  21  0.2222  0.0000  0.3898  0.5833  0.8660 -0.5000  0.8701 -0.4965 
  22  0.4444  0.0000  0.5932  0.8333  0.8660 -0.5000  0.8655 -0.4964 
  23 -0.5556  0.2500 -0.8644 -0.9167 -0.8660 -0.5000 -0.8660 -0.5000 
  24  0.6667 -0.2500  0.7966  0.4167  0.8660 -0.5000  0.8655 -0.4964 
  25  0.7222 -0.3333  0.7288  0.5000  0.8660 -0.5000  0.8655 -0.4964 
  26 -0.3889  0.5833 -0.7627 -0.7500 -0.8660 -0.5000 -0.8660 -0.5000 
  27  0.4444 -0.0833  0.3220  0.1667  0.0000  1.0000 -0.0291  1.0000 
  28 -0.2778 -0.2500 -0.1186  0.0000  0.0000  1.0000  0.0004  1.0000 
  29 -0.1667 -0.4167  0.3898  0.5000  0.8660 -0.5000  0.9058 -0.4943 
  30 -0.7222 -0.0833 -0.7966 -0.9167 -0.8660 -0.5000 -0.8660 -0.5000 
  31 -0.9444 -0.2500 -0.8644 -0.9167 -0.8660 -0.5000 -0.8660 -0.5000 
  32 -0.0000 -0.1667  0.3220  0.4167  0.8660 -0.5000  0.9979 -0.6303 
  33 -0.0556 -0.2500  0.1864  0.1667  0.0000  1.0000  0.0018  1.0000 
  34  0.8889 -0.3333  0.9322  0.5833  0.8660 -0.5000  0.8655 -0.4964 
  35 -0.0556 -0.1667  0.2881  0.4167  0.8660 -0.5000  0.9284 -0.3829 
  36  0.1667 -0.4167  0.4576  0.5000  0.8660 -0.5000  0.8657 -0.4965 
  37  0.2778 -0.2500  0.2203  0.0000  0.0000  1.0000  0.0003  1.0000 
  38  0.5000  0.0000  0.2542  0.0833  0.0000  1.0000 -0.0017  1.0000 
  39 -0.7222  0.1667 -0.7966 -0.9167 -0.8660 -0.5000 -0.8660 -0.5000 
  40  0.6111  0.0000  0.6949  0.4167  0.8660 -0.5000  0.8655 -0.4964 
  41 -0.5000  0.2500 -0.8305 -0.9167 -0.8660 -0.5000 -0.8660 -0.5000 
  42  0.3889  0.0000  0.6610  0.8333  0.8660 -0.5000  0.8655 -0.4964 
  43 -0.5556  0.1667 -0.8305 -0.9167 -0.8660 -0.5000 -0.8660 -0.5000 
  44  0.8889 -0.5000  1.0000  0.8333  0.8660 -0.5000  0.8655 -0.4964 
  45 -0.6667 -0.0833 -0.8305 -1.0000 -0.8660 -0.5000 -0.8660 -0.5000 
  46  0.2222 -0.3333  0.2203  0.1667  0.0000  1.0000 -0.0032  1.0000 
  47  0.8333 -0.1667  0.8983  0.6667  0.8660 -0.5000  0.8655 -0.4964 
  48 -0.5556  0.4167 -0.8305 -0.7500 -0.8660 -0.5000 -0.8660 -0.5000 
  49 -0.1667  0.6667 -0.9322 -0.9167 -0.8660 -0.5000 -0.8660 -0.5000 
  50 -0.5000  0.7500 -0.8305 -1.0000 -0.8660 -0.5000 -0.8660 -0.5000 
  51 -0.5556  0.5000 -0.8305 -0.8333 -0.8660 -0.5000 -0.8660 -0.5000 
  52 -0.7222 -0.1667 -0.8644 -0.8333 -0.8660 -0.5000 -0.8660 -0.5000 
  53  0.1111 -0.5833  0.3559  0.5000  0.8660 -0.5000  0.8640 -0.4983 
  54 -0.7222 -0.1667 -0.8644 -1.0000 -0.8660 -0.5000 -0.8660 -0.5000 
  55 -0.7778  0.0000 -0.8983 -0.9167 -0.8660 -0.5000 -0.8660 -0.5000 
  56 -0.3333 -0.5000  0.1525 -0.0833  0.0000  1.0000  0.0004  1.0000 
  57 -0.0000 -0.5000  0.5593  0.0833  0.8660 -0.5000  0.8417 -0.4632 
  58  0.0556 -0.2500  0.1186  0.0000  0.0000  1.0000  0.0004  1.0000 
  59 -0.3333 -0.6667 -0.0508 -0.1667  0.0000  1.0000  0.0004  1.0000 
  60  0.0556 -0.3333  0.2881  0.4167  0.8660 -0.5000  0.8327 -0.6166 
  61 -0.3889  0.1667 -0.7627 -0.9167 -0.8660 -0.5000 -0.8660 -0.5000 
  62  0.3333 -0.0833  0.1525  0.0833  0.0000  1.0000  0.0003  1.0000 
  63 -0.2778 -0.1667  0.1864  0.1667  0.0000  1.0000  0.0011  1.0000 
  64  0.5556 -0.1667  0.6610  0.6667  0.8660 -0.5000  0.8655 -0.4964 
  65  0.6111  0.3333  0.7288  1.0000  0.8660 -0.5000  0.8655 -0.4964 
  66 -0.7778  0.0000 -0.7966 -0.9167 -0.8660 -0.5000 -0.8660 -0.5000 
  67 -0.0000 -0.2500  0.2542  0.0833  0.0000  1.0000  0.0015  1.0000 
  68 -0.6667 -0.0833 -0.8305 -1.0000 -0.8660 -0.5000 -0.8660 -0.5000 
  69  0.3333  0.0833  0.5932  0.6667  0.8660 -0.5000  0.8655 -0.4964 
  70 -0.6111  0.2500 -0.8983 -0.8333 -0.8660 -0.5000 -0.8660 -0.5000 
  71 -0.2778 -0.1667  0.0508  0.0000  0.0000  1.0000  0.0004  1.0000 
  72 -0.2222 -0.2500  0.0847  0.0000  0.0000  1.0000  0.0004  1.0000 
  73  0.3333 -0.1667  0.3559  0.3333  0.0000  1.0000  0.0128  0.9472 
  74 -0.6111  0.0000 -0.9322 -0.9167 -0.8660 -0.5000 -0.8660 -0.5000 
  75  0.1667 -0.2500  0.1186  0.0000  0.0000  1.0000  0.0004  1.0000 
  76 -0.2222 -0.5000 -0.1525 -0.2500  0.0000  1.0000  0.0004  1.0000 
  77 -0.3333 -0.6667 -0.0847 -0.2500  0.0000  1.0000  0.0004  1.0000 
  78 -0.5556  0.5000 -0.7966 -0.9167 -0.8660 -0.5000 -0.8660 -0.5000 
  79  0.1111 -0.5833  0.3220  0.1667  0.0000  1.0000  0.0641  1.0000 
  80 -0.1111  0.0000  0.2881  0.4167  0.0000  1.0000 -0.0054  0.9146 
  81  0.2222 -0.1667  0.5254  0.4167  0.8660 -0.5000  0.8680 -0.4967 
  82 -0.2778 -0.4167  0.0847  0.0000  0.0000  1.0000  0.0004  1.0000 
  83 -0.5556  0.2500 -0.8644 -0.8333 -0.8660 -0.5000 -0.8660 -0.5000 
  84 -0.6667 -0.1667 -0.8644 -0.9167 -0.8660 -0.5000 -0.8660 -0.5000 
  85 -0.0000 -0.3333  0.2542 -0.0833  0.0000  1.0000  0.0004  1.0000 
  86  0.1667 -0.3333  0.5593  0.6667  0.8660 -0.5000  0.8655 -0.4964 
  87 -0.0556 -0.4167  0.3898  0.2500  0.0000  1.0000  0.0090  0.9032 
  88 -0.6667 -0.6667 -0.2203 -0.2500  0.0000  1.0000  0.0004  1.0000 
  89  1.0000  0.5000  0.8305  0.5833  0.8660 -0.5000  0.8655 -0.4964 
  90  0.4444 -0.0833  0.4915  0.6667  0.8660 -0.5000  0.8655 -0.4964 
  91 -0.2222  1.0000 -0.8305 -0.7500 -0.8660 -0.5000 -0.8660 -0.5000 
  92  0.1111  0.1667  0.5593  0.9167  0.8660 -0.5000  0.8655 -0.4964 
  93  0.3333 -0.1667  0.4237  0.8333  0.8660 -0.5000  0.8655 -0.4964 
  94 -0.1111 -0.1667  0.3898  0.4167  0.8660 -0.5000  0.9998 -0.4771 
  95 -0.3333 -0.7500  0.0169  0.0000  0.0000  1.0000  0.0004  1.0000 
  96 -0.0556  0.1667  0.1864  0.2500  0.0000  1.0000  0.0035  1.0000 
  97 -0.8889 -0.7500 -0.8983 -0.8333 -0.8660 -0.5000 -0.8660 -0.5000 
  98  0.1667 -0.3333  0.5593  0.7500  0.8660 -0.5000  0.8655 -0.4964 
  99 -0.0000 -0.1667  0.2203  0.0833  0.0000  1.0000  0.0007  1.0000 
 100 -0.1667 -0.4167  0.3898  0.5000  0.8660 -0.5000  0.9058 -0.4943 
 101  0.8889 -0.1667  0.7288  0.8333  0.8660 -0.5000  0.8655 -0.4964 
 102 -0.6111 -1.0000 -0.1525 -0.2500  0.0000  1.0000  0.0004  1.0000 
 103  0.2222 -0.1667  0.4237  0.5833  0.8660 -0.5000  0.8660 -0.4965 
 104 -0.8333  0.3333 -1.0000 -0.9167 -0.8660 -0.5000 -0.8660 -0.5000 
 105 -0.2222 -0.3333  0.1864  0.0000  0.0000  1.0000  0.0004  1.0000 
 106 -0.7222  0.1667 -0.6949 -0.9167 -0.8660 -0.5000 -0.8660 -0.5000 
 107  0.0556  0.1667  0.4915  0.8333  0.8660 -0.5000  0.8656 -0.4964 
 108 -0.2778 -0.3333  0.3220  0.5833  0.8660 -0.5000  0.9636 -0.4842 
 109 -0.8333 -0.0833 -0.8305 -0.9167 -0.8660 -0.5000 -0.8660 -0.5000 
 110 -0.6667 -0.0833 -0.8305 -1.0000 -0.8660 -0.5000 -0.8660 -0.5000 
 111 -0.6111  0.0833 -0.8644 -0.9167 -0.8660 -0.5000 -0.8660 -0.5000 
 112 -0.5000  0.1667 -0.8644 -0.9167 -0.8660 -0.5000 -0.8660 -0.5000 
 113 -0.3889  0.4167 -0.8305 -0.9167 -0.8660 -0.5000 -0.8660 -0.5000 
 114  0.3333 -0.0833  0.2542  0.1667  0.0000  1.0000  0.0028  1.0000 
 115 -0.9444 -0.1667 -0.8983 -0.9167 -0.8660 -0.5000 -0.8660 -0.5000 
 116 -0.9444  0.0000 -0.8983 -0.9167 -0.8660 -0.5000 -0.8660 -0.5000 
 117 -0.3889 -0.1667  0.1864  0.1667  0.0000  1.0000  0.0010  1.0000 
 118 -0.0000 -0.3333  0.0169  0.0000  0.0000  1.0000  0.0004  1.0000 
 119 -0.6111  0.2500 -0.7966 -0.5833 -0.8660 -0.5000 -0.8660 -0.5000 
 120  0.2222 -0.1667  0.6271  0.7500  0.8660 -0.5000  0.8655 -0.4964 
total layers: 3 neurons: 12
layer  from    to         wt
    0     0     0    -0.9531 
    0     0     1     4.7383 
    0     0     2    -0.6972 
    0     0     3    -0.1519 
    0     1     0     2.0564 
    0     1     1    -4.2536 
    0     1     2    -4.2494 
    0     1     3    10.2599 
    0     2     0   -15.3288 
    0     2     1    12.1208 
    0     2     2    32.0893 
    0     2     3   -40.9822 
    0     3     0   -14.1623 
    0     3     1    12.5765 
    0     3     2    29.7539 
    0     3     3    -3.4306 
    0     4     0    10.3042 BIAS
    0     4     1   -10.2850 BIAS
    0     4     2   -20.9261 BIAS
    0     4     3   -17.5237 BIAS
    1     0     0    -8.4887 
    1     0     1    -1.5900 
    1     1     0    -3.2488 
    1     1     1    -0.0940 
    1     2     0    -4.5826 
    1     2     1   -10.7752 
    1     3     0    -0.6587 
    1     3     1    -9.2815 
    1     4     0    -0.0009 BIAS
    1     4     1    -0.5469 BIAS
---------------------------------------------------------------------------------
  Network Results:

    #         Ideal        Actual
---------------------------------------------------------------------------------
    1     virginica    versicolor    MISSED!
    2        setosa        setosa           
    3     virginica     virginica           
    4     virginica     virginica           
    5    versicolor    versicolor           
    6    versicolor    versicolor           
    7    versicolor    versicolor           
    8        setosa        setosa           
    9    versicolor    versicolor           
   10        setosa        setosa           
   11    versicolor    versicolor           
   12    versicolor    versicolor           
   13     virginica     virginica           
   14        setosa        setosa           
   15        setosa        setosa           
   16     virginica     virginica           
   17    versicolor    versicolor           
   18        setosa        setosa           
   19     virginica     virginica           
   20    versicolor    versicolor           
   21        setosa        setosa           
   22     virginica     virginica           
   23        setosa        setosa           
   24     virginica     virginica           
   25     virginica    versicolor    MISSED!
   26        setosa        setosa           
   27        setosa        setosa           
   28     virginica     virginica           
   29     virginica     virginica           
   30     virginica     virginica           
Success rate = 28/30 (93.3%)